# Exported from Wings 3D 1.2
mtllib 000.mtl
o Laptop
#56 vertices, 48 faces
v -9.6901733e-2 4.7834721e-2 -8.6988963e-2
v -0.10326473 0.20105072 -0.13812796
v -9.8921733e-2 0.19111672 -0.16178396
v -0.11307473 2.8027213e-3 -8.5372963e-2
v -0.11621773 2.8760721e-2 -6.8217963e-2
v -0.15182773 2.1267213e-3 0.12528604
v -0.15183573 2.8139721e-2 0.12538604
v 0.13814827 0.18165872 -0.10006096
v 0.12808827 4.7831721e-2 -4.5757963e-2
v 0.15675027 0.19111372 -0.11492696
v -9.9073733e-2 5.2799721e-2 -7.5164963e-2
v 0.13597627 0.18662572 -8.8228963e-2
v 0.12591627 5.2798721e-2 -3.3929963e-2
v -8.9012733e-2 0.18662672 -0.12946396
v 0.13944627 2.8759721e-2 -2.1363963e-2
v 0.15240027 0.20104972 -9.1274963e-2
v 0.10382927 2.8136721e-2 0.17224004
v 0.10383727 2.1247213e-3 0.17213904
v 0.13597627 0.18662572 -8.8228963e-2
v -8.9012733e-2 0.18662672 -0.12946396
v -8.9012733e-2 0.18662672 -0.12946396
v 0.12591627 5.2798721e-2 -3.3929963e-2
v 0.12591627 5.2798721e-2 -3.3929963e-2
v -9.9073733e-2 5.2799721e-2 -7.5164963e-2
v -9.6901733e-2 4.7834721e-2 -8.6988963e-2
v -8.6833733e-2 0.18165972 -0.14129196
v 0.13814827 0.18165872 -0.10006096
v 0.12808827 4.7831721e-2 -4.5757963e-2
v -9.8921733e-2 0.19111672 -0.16178396
v -0.11307473 2.8027213e-3 -8.5372963e-2
v -0.15182773 2.1267213e-3 0.12528604
v 0.15675027 0.19111372 -0.11492696
v 0.13944627 2.8759721e-2 -2.1363963e-2
v 0.15240027 0.20104972 -9.1274963e-2
v 0.14258927 2.8017213e-3 -3.8519963e-2
v 0.10382927 2.8136721e-2 0.17224004
v 0.10383727 2.1247213e-3 0.17213904
v 0.13597627 0.18662572 -8.8228963e-2
v 0.13814827 0.18165872 -0.10006096
v -8.6833733e-2 0.18165972 -0.14129196
v 0.12808827 4.7831721e-2 -4.5757963e-2
v -9.6901733e-2 4.7834721e-2 -8.6988963e-2
v 0.12591627 5.2798721e-2 -3.3929963e-2
v -9.9073733e-2 5.2799721e-2 -7.5164963e-2
v 0.13597627 0.18662572 -8.8228963e-2
v 0.13814827 0.18165872 -0.10006096
v -8.6833733e-2 0.18165972 -0.14129196
v -9.6901733e-2 4.7834721e-2 -8.6988963e-2
v -8.9012733e-2 0.18662672 -0.12946396
v -9.9073733e-2 5.2799721e-2 -7.5164963e-2
v -9.6901733e-2 4.7834721e-2 -8.6988963e-2
v -8.6833733e-2 0.18165972 -0.14129196
v 0.13814827 0.18165872 -0.10006096
v -9.9073733e-2 5.2799721e-2 -7.5164963e-2
v 0.13597627 0.18662572 -8.8228963e-2
v -8.9012733e-2 0.18662672 -0.12946396
vt 0.95598900 0.93524900
vt 0.95599000 0.93526100
vt 0.95821500 0.96456000
vt 0.95841200 0.96715400
vt 0.95902000 0.97516300
vt 0.95928600 0.96561200
vt 0.95929200 0.97874400
vt 0.95942200 0.96740200
vt 0.95991100 0.97384800
vt 0.96004700 0.97563800
vt 0.97196800 0.92811900
vt 0.97196900 0.92813100
vt 0.97334800 0.95933800
vt 0.97348400 0.96112800
vt 0.97397300 0.96757400
vt 0.97410900 0.96936400
vt 0.97419400 0.95743000
vt 0.97439100 0.96002400
vt 0.97500000 0.96803400
vt 0.97527200 0.97161400
vt 0.99974300 1.97998500
vt 1.00000700 0.99317100
vt 1.99176400 1.97943200
vt 1.99202200 0.99261800
vn 6.8819796e-2 0.92427610 -0.37546974
vn -0.98349556 4.9137998e-4 -0.18093161
vn -0.98351736 5.6691054e-4 -0.18081282
vn 6.8831700e-2 0.92424387 -0.37554688
vn -0.16666364 0.38146875 0.90923310
vn -0.18025613 -3.8746297e-3 0.98361207
vn -0.16664116 0.38144489 0.90924723
vn -0.16664036 0.38144595 0.90924693
vn -0.16664116 0.38144489 0.90924723
vn -0.16664036 0.38144595 0.90924693
vn -0.16664116 0.38144489 0.90924723
vn -0.16664036 0.38144595 0.90924693
vn -0.16661880 0.38148148 0.90923597
vn -0.16662380 0.38147479 0.90923786
vn -0.16662881 0.38146810 0.90923975
vn -0.16662380 0.38147479 0.90923786
vn 0.16663230 -0.38146099 -0.90924210
vn 5.6363975e-4 -0.99999501 -3.1076487e-3
vn 0.98346943 -4.6912323e-4 0.18107362
vn 0.98349575 -4.0004770e-4 0.18093076
vn 0.98351736 -5.6691107e-4 0.18081282
vn 0.16662781 -0.38148149 -0.90923432
vn -6.8818305e-2 -0.92427610 0.37547002
vn 6.8803811e-2 0.92430998 -0.37538926
vn 6.8808148e-2 0.92429502 -0.37542530
vn -0.84860155 0.41364725 -0.32980502
vn -0.98349984 5.8305769e-4 -0.18090803
vn -0.37814444 0.82663196 -0.41675699
vn -0.98346175 4.7306986e-4 -0.18111531
vn 0.98346175 -4.7306153e-4 0.18111531
vn 0.37813669 -0.82663548 0.41675704
vn -6.8799425e-2 -0.92430998 0.37539007
vn 0.98350281 -5.4371740e-4 0.18089205
vn -6.8808148e-2 -0.92429502 0.37542530
vn 0.84860111 -0.41364799 0.32980525
vn -0.98351858 5.7669520e-4 -0.18080614
vn -0.16660810 0.38169936 0.90914649
vn -0.16643700 0.38146873 0.90927462
vn -0.16666364 0.38146875 0.90923310
vn -0.16666364 0.38146875 0.90923310
vn 6.8831700e-2 0.92424387 -0.37554688
vn 6.8831700e-2 0.92424387 -0.37554688
vn -0.98351858 5.7669520e-4 -0.18080614
vn 6.8827944e-2 0.92426492 -0.37549577
vn -0.98349404 4.9701727e-4 -0.18093986
vn -0.98351858 5.7669520e-4 -0.18080614
vn -0.16662126 0.38157722 0.90919535
vn -5.5730444e-4 0.99999502 3.1050332e-3
vn -0.16643700 0.38146873 0.90927462
vn -0.98349485 3.9309619e-4 -0.18093570
vn -0.98349556 4.9137998e-4 -0.18093161
vn -0.98349556 4.9137998e-4 -0.18093161
vn -5.6670605e-4 0.99999499 3.1136367e-3
vn -0.98349485 3.9309619e-4 -0.18093570
vn -0.18025990 -3.8366675e-3 0.98361153
vn -0.98349708 4.8574270e-4 -0.18092336
vn -0.18025613 -3.8746297e-3 0.98361207
vn -5.5730444e-4 0.99999502 3.1050332e-3
vn -0.98349485 3.9309619e-4 -0.18093570
vn -0.18025990 -3.8366675e-3 0.98361153
vn 6.8822744e-2 0.92426593 -0.37549424
vn 6.8819796e-2 0.92427610 -0.37546974
vn -0.98351290 5.5400125e-4 -0.18083714
vn -0.16662126 0.38157722 0.90919535
vn 6.8822744e-2 0.92426593 -0.37549424
vn -0.16643700 0.38146873 0.90927462
vn -0.16663673 0.38149477 0.90922711
vn 6.8819796e-2 0.92427610 -0.37546974
vn -0.16668960 0.38144599 0.90923789
vn -0.16660810 0.38169936 0.90914649
vn -0.16635604 0.38144468 0.90929952
vn -0.16663769 0.38149152 0.90922830
vn -0.98352183 5.7981982e-4 -0.18078849
vn 6.8822744e-2 0.92426593 -0.37549424
vn -0.16663673 0.38149477 0.90922711
vn -0.16635604 0.38144468 0.90929952
vn -0.98351736 5.6691054e-4 -0.18081282
vn -0.98351736 5.6691054e-4 -0.18081282
vn -0.16667475 0.38147424 0.90922876
vn -0.16662126 0.38157722 0.90919535
vn -0.16663673 0.38149477 0.90922711
vn -5.6670605e-4 0.99999499 3.1136367e-3
vn -0.16667475 0.38147424 0.90922876
vn -0.16660810 0.38169936 0.90914649
vn -0.16635604 0.38144468 0.90929952
vn 6.8835457e-2 0.92422282 -0.37559799
vn -0.16667475 0.38147424 0.90922876
vn -5.5730444e-4 0.99999502 3.1050332e-3
vn -0.18025990 -3.8366675e-3 0.98361153
vn -5.6670605e-4 0.99999499 3.1136367e-3
vn -0.18025613 -3.8746297e-3 0.98361207
vn 0.16662699 -0.38145399 -0.90924601
vn 0.16663230 -0.38146099 -0.90924210
vn 5.6511170e-4 -0.99999502 -3.1050032e-3
vn 0.16662699 -0.38145399 -0.90924601
vn 0.98348757 -5.2793821e-4 0.18097492
vn 0.16663230 -0.38146099 -0.90924210
vn 0.98346943 -4.6912323e-4 0.18107362
vn 0.98349791 -4.8961762e-4 0.18091883
vn 0.98348757 -5.2793821e-4 0.18097492
vn 0.98346943 -4.6912323e-4 0.18107362
vn 0.98349575 -4.0004770e-4 0.18093076
vn 0.16662699 -0.38145399 -0.90924601
vn 0.98349791 -4.8961762e-4 0.18091883
vn 0.98348757 -5.2793821e-4 0.18097492
vn 5.6363975e-4 -0.99999501 -3.1076487e-3
vn 5.6363975e-4 -0.99999501 -3.1076487e-3
vn 0.98349791 -4.8961762e-4 0.18091883
vn 5.6216780e-4 -0.99999501 -3.1102943e-3
vn 0.98349575 -4.0004770e-4 0.18093076
vn 0.16661980 -0.38146810 -0.90924141
vn 0.98352218 -5.7520286e-4 0.18078661
vn 0.16662781 -0.38148149 -0.90923432
vn -6.8824234e-2 -0.92426593 0.37549397
vn 0.16661980 -0.38146810 -0.90924141
vn 0.98351736 -5.6691107e-4 0.18081282
vn 0.98351736 -5.6691107e-4 0.18081282
vn -6.8824234e-2 -0.92426593 0.37549397
vn 0.16661980 -0.38146810 -0.90924141
vn 0.16662781 -0.38148149 -0.90923432
vn -6.8818305e-2 -0.92427610 0.37547002
vn -6.8824234e-2 -0.92426593 0.37549397
vn 0.98351255 -5.5861928e-4 0.18083902
vn -6.8818305e-2 -0.92427610 0.37547002
g Laptop_Laptop
usemtl Laptop
s 1
f 3/7/43 5/3/46 2/5/36
f 5/3/47 15/17/80 11/6/64
f 6/2/55 17/11/89 7/1/60
f 11/6/65 13/13/74 9/14/61
f 12/15/70 16/19/84 2/5/37
f 32/20/95 35/18/103 30/4/92
f 33/17/99 37/12/108 35/18/104
f 41/14/114 43/13/122 42/8/118
f 46/16/25 49/9/28 45/15/24
f 47/10/26 49/9/28 46/16/25
f 47/10/26 50/6/29 49/9/28
f 48/8/27 50/6/29 47/10/26
f 51/8/30 56/9/35 54/6/33
f 52/10/31 56/9/35 51/8/30
f 53/16/32 55/15/34 52/10/31
f 55/15/34 56/9/35 52/10/31
s 2
f 5/3/49 11/6/66 2/5/38
f 6/2/54 7/1/59 5/3/50
f 11/6/67 15/17/81 13/13/75
f 13/13/76 16/19/85 12/15/71
f 33/17/100 35/18/105 32/20/96
f 41/14/115 42/8/119 39/16/111
s 3
f 1/8/1 11/6/68 9/14/62
f 2/5/39 14/9/5 12/15/72
f 7/1/58 17/11/88 5/3/48
f 8/16/3 13/13/77 12/15/73
f 9/14/63 13/13/78 8/16/3
f 11/6/69 14/9/5 2/5/40
f 29/7/17 32/20/97 30/4/93
f 30/4/94 35/18/106 31/2/18
f 32/20/98 34/19/19 33/17/101
f 35/18/107 37/12/109 31/2/18
f 36/11/20 37/12/110 33/17/102
f 38/15/21 41/14/116 39/16/112
f 38/15/21 43/13/123 41/14/117
f 39/16/113 42/8/120 40/10/22
f 43/13/124 44/6/23 42/8/121
s 4
f 2/5/41 10/20/4 3/7/44
f 2/5/42 16/19/86 10/20/4
f 4/4/2 5/3/51 3/7/45
f 4/4/2 6/2/56 5/3/52
f 5/3/53 17/11/90 15/17/82
f 6/2/57 18/12/6 17/11/91
f 15/17/83 16/19/87 13/13/79
g Laptop_Screen
usemtl Screen
s 1
f 20/21/8 24/22/12 22/24/10
f 21/21/9 23/24/11 19/23/7
g Laptop_default
usemtl default
s 1
f 25/8/13 28/14/16 26/10/14
f 26/10/14 28/14/16 27/16/15
